200
7
0
9
5
3
4
2
8
2
4
6
0
7
8
0
6
7
2
5
7
7
7
9
6
4
4
9
8
0
9
9
7
2
7
0
1
5
3
5
8
7
7
7
2
6
1
0
7
2
6
6
6
8
8
6
0
4
7
2
2
3
2
3
6
8
1
7
5
8
0
6
3
4
4
4
3
1
7
5
1
1
2
2
4
5
9
5
5
9
7
1
0
5
7
3
9
2
9
4
0
5
0
2
6
9
2
8
8
4
9
9
2
3
4
7
3
1
9
5
8
8
9
8
9
9
9
3
9
5
4
1
5
2
0
8
9
5
8
4
6
2
2
4
7
6
0
3
9
8
9
3
1
2
6
4
2
8
3
0
3
8
8
3
0
6
1
3
9
0
9
4
4
6
8
8
5
2
7
0
2
6
0
6
2
1
8
2
1
5
1
2
9
8
1
3
0
8
9
7
1
5
6
5
6
3
5
3
3
5
1
4
0
1
6
4
0
5
6
9
7
3
0
9
5
3
4
7
0
6
3
7
5
5
6
9
0
9
6
5
3
1
5
5
8
8
3
7
6
6
7
9
9
3
5
4
6
8
0
6
9
0
8
7
8
5
8
5
1
2
8
0
3
3
9
1
9
5
4
6
2
4
9
1
7
7
2
7
2
6
4
7
5
5
8
4
0
4
0
2
7
4
3
9
6
8
5
7
2
5
5
1
9
1
9
2
7
9
7
8
8
2
8
7
3
5
4
4
0
9
1
2
3
9
3
9
2
2
2
7
0
6
0
5
0
4
6
7
4
8
4
3
3
6
1
3
7
3
5
8
9
0
6
0
4
7
0
8
4
1
7
3
1
6
1
7
6
5
3
1
4
8
4
1
7
3
1
2
7
3
6
0
4
4
5
3
2
9
7
2
8
1000
